    -1.200000000         332.0307332         419.3371950    
    -1.161904762         253.5106843         339.9027991    
    -1.123809524         189.7555484         275.2118732    
    -1.085714286         138.9462346         223.4360796    
    -1.047619048         98.86227722         182.3440165    
    -1.009523810         67.67626939         150.1003130    
   -0.9714285714         43.78627879         125.0977780    
   -0.9333333333         25.89763476         106.0231146    
   -0.8952380952         12.95918980         91.82804475    
   -0.8571428571         4.003643241         81.53116520    
   -0.8190476190        -1.717573887         74.07456574    
   -0.7809523810        -4.924176165         69.24709164    
   -0.7428571429        -6.112241848         66.52398065    
   -0.7047619048        -5.652581657         64.96480607    
   -0.6666666667        -3.957948642         64.39643436    
   -0.6285714286        -1.323442726         64.63846482    
   -0.5904761905         2.028894731         65.46452718    
   -0.5523809524         5.898796475         66.60953619    
   -0.5142857143         10.12160387         67.87498347    
   -0.4761904762         14.56131856         69.12632847    
   -0.4380952381         19.11380819         70.26877366    
   -0.4000000000         23.69016336         71.23200910    
   -0.3619047619         28.21840463         71.97906173    
   -0.3238095238         32.64644826         72.49203054    
   -0.2857142857         36.93450988         72.76560741    
   -0.2476190476         41.05240774         72.79297513    
   -0.2095238095         44.97145154         72.55990166    
   -0.1714285714         48.65146647         72.04206497    
   -0.1333333333         52.05699061         71.20400616    
   -0.9523809524E-01     55.16426734         70.02704212    
   -0.5714285714E-01     57.96702882         68.50908039    
   -0.1904761905E-01     60.45152063         66.65184333    
    0.1904761905E-01     62.61509514         64.45923532    
    0.5714285714E-01     61.92683238         64.48432608    
    0.9523809524E-01     59.07128682         66.08984423    
    0.1333333333         55.90609231         67.48112274    
    0.1714285714         52.44853368         68.69058148    
    0.2095238095         48.71150561         69.73126627    
    0.2476190476         44.71837458         70.57944245    
    0.2857142857         40.50293693         71.15228531    
    0.3238095238         36.09486044         71.35644259    
    0.3619047619         31.52924669         71.14400710    
    0.4000000000         26.84616779         70.50296031    
    0.4380952381         22.09318036         69.45649633    
    0.4761904762         17.32962097         68.06723960    
    0.5142857143         12.62641096         66.41549685    
    0.5523809524         8.069085189         64.63125600    
    0.5904761905         3.771871072         62.91889132    
    0.6285714286       -0.1370747218         61.28713327    
    0.6666666667        -3.496077853         59.89150636    
    0.7047619048        -6.115492542         58.96392434    
    0.7428571429        -7.741314957         58.82693103    
    0.7809523810        -8.055061784         59.84853325    
    0.8190476190        -6.661012579         62.45711197    
    0.8571428571        -3.116519479         67.11921438    
    0.8952380952         3.156625502         74.43406903    
    0.9333333333         12.89109340         85.14706962    
    0.9714285714         27.00289037         100.1861586    
     1.009523810         46.50977153         120.5770697    
     1.047619048         72.69999465         147.6146523    
     1.085714286         107.2198798         182.9524515    
     1.123809524         152.0199992         228.5445726    
     1.161904762         209.7007832         286.9966986    
     1.200000000         282.4612708         360.5126161    
